META 1 2012-05-18 42.049999 45.000000 38.000000 38.230000 38.230000 573576400
META 2 2012-05-21 36.529999 36.660000 33.000000 34.029999 34.029999 168192700
META 3 2012-05-22 32.610001 33.590000 30.940001 31.000000 31.000000 101786600
META 4 2012-05-23 31.370001 32.500000 31.360001 32.000000 32.000000 73600000
META 5 2012-05-24 32.950001 33.209999 31.770000 33.029999 33.029999 50237200
META 6 2012-05-25 32.900002 32.950001 31.110001 31.910000 31.910000 37149800
META 7 2012-05-29 31.480000 31.690001 28.650000 28.840000 28.840000 78063400
META 8 2012-05-30 28.700001 29.549999 27.860001 28.190001 28.190001 57267900
META 9 2012-05-31 28.549999 29.670000 26.830000 29.600000 29.600000 111639200
META 10 2012-06-01 28.889999 29.150000 27.389999 27.719999 27.719999 41855500
TSLA 1 2010-06-29 3.800000 5.000000 3.508000 4.778000 4.778000 93831500
TSLA 2 2010-06-30 5.158000 6.084000 4.660000 4.766000 4.766000 85935500
TSLA 3 2010-07-01 5.000000 5.184000 4.054000 4.392000 4.392000 41094000
TSLA 4 2010-07-02 4.600000 4.620000 3.742000 3.840000 3.840000 25699000
TSLA 5 2010-07-06 4.000000 4.000000 3.166000 3.222000 3.222000 34334500
TSLA 6 2010-07-07 3.280000 3.326000 2.996000 3.160000 3.160000 34608500
TSLA 7 2010-07-08 3.228000 3.504000 3.114000 3.492000 3.492000 38557000
TSLA 8 2010-07-09 3.516000 3.580000 3.310000 3.480000 3.480000 20253000
TSLA 9 2010-07-12 3.590000 3.614000 3.400000 3.410000 3.410000 11012500
TSLA 10 2010-07-13 3.478000 3.728000 3.380000 3.628000 3.628000 13400500
MSFT 1 1986-03-13 0.088542 0.101563 0.088542 0.097222 0.061608 1031788800
MSFT 2 1986-03-14 0.097222 0.102431 0.097222 0.100694 0.063809 308160000
MSFT 3 1986-03-17 0.100694 0.103299 0.100694 0.102431 0.064909 133171200
MSFT 4 1986-03-18 0.102431 0.103299 0.098958 0.099826 0.063258 67766400
MSFT 5 1986-03-19 0.099826 0.100694 0.097222 0.098090 0.062158 47894400
MSFT 6 1986-03-20 0.098090 0.098090 0.094618 0.095486 0.060508 58435200
MSFT 7 1986-03-21 0.095486 0.097222 0.091146 0.092882 0.058858 59990400
MSFT 8 1986-03-24 0.092882 0.092882 0.089410 0.090278 0.057208 65289600
MSFT 9 1986-03-25 0.090278 0.092014 0.089410 0.092014 0.058308 32083200
MSFT 10 1986-03-26 0.092014 0.095486 0.091146 0.094618 0.059958 22752000
MELI 1 2007-08-10 22.000000 29.000000 21.000000 28.500000 27.616436 9800300
MELI 2 2007-08-13 31.200001 39.669998 29.000000 31.650000 30.668774 3162100
MELI 3 2007-08-14 32.450001 32.700001 29.980000 30.030001 29.099003 609300
MELI 4 2007-08-15 30.209999 30.209999 28.049999 28.559999 27.674576 991800
MELI 5 2007-08-16 28.250000 30.000000 25.059999 28.100000 27.228836 1107500
MELI 6 2007-08-17 30.320000 33.639999 30.000000 32.849998 31.831573 438100
MELI 7 2007-08-20 32.900002 33.500000 29.500000 30.469999 29.525358 235000
MELI 8 2007-08-21 29.709999 30.290001 27.760000 29.020000 28.120314 180500
MELI 9 2007-08-22 29.150000 30.830000 29.150000 29.570000 28.653257 77900
MELI 10 2007-08-23 30.889999 30.889999 28.900000 30.000000 29.069925 244700
